Dvina	64.569   40.548	Gan-Brah	23.225   90.633	MacKenzie	69.450 -134.150	Mekong	9.617  106.250	Miss	29.113  -89.263	Niger	4.396    6.070	Nile	31.446   30.387	Parana	-92.454	Waipaoa	-38.708  177.940	Yellow	37.771  119.180	Ganges	22.312   91.001	Song Hong	20.262  106.575	Po	44.908   12.480	Rhine Meuse	52.005    4.082	Tama	35.630  139.798	Trinity	29.780  -94.733
-12	-27.478	-12	-43.708	-12	-112.727	-12	-39.438	-12	-66.861	-12	-55.098	-12	-55.848	-12	-37.883	-12	-44.263	-12	-44.131	-12	-45.721	-12	-44.794	-12	-46.682	-12	-46.087	-12	-47.177	-12	-57.505
-11.75	-29.168	-11.75	-42.824	-11.75	-105.819	-11.75	-38.643	-11.75	-65.175	-11.75	-53.864	-11.75	-54.763	-11.75	-37.106	-11.75	-43.425	-11.75	-43.198	-11.75	-44.798	-11.75	-43.929	-11.75	-45.74	-11.75	-44.799	-11.75	-46.238	-11.75	-56.037
-11.5	-30.629	-11.5	-41.63	-11.5	-99.525	-11.5	-37.53	-11.5	-63.411	-11.5	-52.356	-11.5	-53.419	-11.5	-35.992	-11.5	-42.249	-11.5	-41.958	-11.5	-43.565	-11.5	-42.744	-11.5	-44.593	-11.5	-43.408	-11.5	-44.956	-11.5	-54.495
-11.25	-30.753	-11.25	-38.998	-11.25	-93.862	-11.25	-34.987	-11.25	-61.256	-11.25	-49.548	-11.25	-50.84	-11.25	-33.297	-11.25	-39.599	-11.25	-39.255	-11.25	-40.888	-11.25	-40.095	-11.25	-42.51	-11.25	-41.347	-11.25	-42.116	-11.25	-52.575
-11	-30.278	-11	-36.43	-11	-88.489	-11	-32.531	-11	-59.139	-11	-46.798	-11	-48.297	-11	-30.68	-11	-36.995	-11	-36.63	-11	-38.271	-11	-37.513	-11	-40.483	-11	-39.291	-11	-39.358	-11	-50.701
-10.75	-29.236	-10.75	-33.9	-10.75	-83.369	-10.75	-30.111	-10.75	-57.022	-10.75	-44.077	-10.75	-45.757	-10.75	-28.106	-10.75	-34.439	-10.75	-34.044	-10.75	-35.689	-10.75	-34.967	-10.75	-38.449	-10.75	-37.181	-10.75	-36.651	-10.75	-48.83
-10.5	-27.632	-10.5	-31.451	-10.5	-78.564	-10.5	-27.787	-10.5	-54.971	-10.5	-41.43	-10.5	-43.244	-10.5	-25.632	-10.5	-31.97	-10.5	-31.553	-10.5	-33.186	-10.5	-32.505	-10.5	-36.405	-10.5	-35.031	-10.5	-34.047	-10.5	-47.032
-10.25	-25.635	-10.25	-28.855	-10.25	-73.929	-10.25	-25.302	-10.25	-52.798	-10.25	-38.623	-10.25	-40.582	-10.25	-23.01	-10.25	-29.335	-10.25	-28.908	-10.25	-30.537	-10.25	-29.887	-10.25	-34.265	-10.25	-32.815	-10.25	-31.29	-10.25	-45.118
-10	-21.661	-10	-25.309	-10	-69.507	-10	-21.792	-10	-50.31	-10	-34.809	-10	-36.804	-10	-19.428	-10	-25.583	-10	-25.281	-10	-26.919	-10	-26.299	-10	-31.005	-10	-29.353	-10	-27.491	-10	-42.897
-9.75	-17.836	-9.75	-21.836	-9.75	-65.101	-9.75	-18.388	-9.75	-47.825	-9.75	-31.086	-9.75	-33.1	-9.75	-15.959	-9.75	-21.952	-9.75	-21.752	-9.75	-23.388	-9.75	-22.777	-9.75	-27.928	-9.75	-26.109	-9.75	-23.812	-9.75	-40.684
-9.5	-13.871	-9.5	-18.289	-9.5	-60.374	-9.5	-14.977	-9.5	-45.08	-9.5	-27.347	-9.5	-29.337	-9.5	-12.5	-9.5	-18.401	-9.5	-18.207	-9.5	-19.788	-9.5	-19.193	-9.5	-24.784	-9.5	-22.819	-9.5	-20.091	-9.5	-38.225
-9.25	-10.776	-9.25	-15.861	-9.25	-55.614	-9.25	-12.722	-9.25	-42.552	-9.25	-24.643	-9.25	-26.567	-9.25	-10.269	-9.25	-16.064	-9.25	-15.791	-9.25	-17.301	-9.25	-16.73	-9.25	-22.457	-9.25	-20.302	-9.25	-17.582	-9.25	-35.987
-9	-7.286	-9	-12.831	-9	-50.756	-9	-9.859	-9	-39.62	-9	-21.344	-9	-23.213	-9	-7.491	-9	-13.128	-9	-12.735	-9	-14.207	-9	-13.625	-9	-19.555	-9	-17.338	-9	-14.401	-9	-33.339
-8.75	-3.871	-8.75	-10.187	-8.75	-44.679	-8.75	-7.277	-8.75	-35.752	-8.75	-18.202	-8.75	-20.033	-8.75	-5.407	-8.75	-10.58	-8.75	-10.123	-8.75	-11.503	-8.75	-10.881	-8.75	-16.575	-8.75	-14.097	-8.75	-11.587	-8.75	-29.793
-8.5	-0.54	-8.5	-7.501	-8.5	-38.989	-8.5	-4.653	-8.5	-31.857	-8.5	-15.016	-8.5	-16.809	-8.5	-3.299	-8.5	-8.014	-8.5	-7.419	-8.5	-8.744	-8.5	-8.077	-8.5	-13.538	-8.5	-10.827	-8.5	-8.72	-8.5	-26.231
-8.25	1.675	-8.25	-5.779	-8.25	-34.794	-8.25	-3.074	-8.25	-29.125	-8.25	-12.842	-8.25	-14.561	-8.25	-1.964	-8.25	-6.398	-8.25	-5.659	-8.25	-6.981	-8.25	-6.253	-8.25	-11.526	-8.25	-8.656	-8.25	-6.899	-8.25	-23.826
-8	3.495	-8	-4.343	-8	-31.137	-8	-1.786	-8	-26.734	-8	-10.963	-8	-12.596	-8	-0.935	-8	-5.003	-8	-4.204	-8	-5.478	-8	-4.742	-8	-9.794	-8	-6.792	-8	-5.389	-8	-21.751
-7.75	4.695	-7.75	-3.432	-7.75	-28.215	-7.75	-1.111	-7.75	-24.943	-7.75	-9.648	-7.75	-11.185	-7.75	-0.326	-7.75	-4.129	-7.75	-3.259	-7.75	-4.51	-7.75	-3.758	-7.75	-8.609	-7.75	-5.506	-7.75	-4.451	-7.75	-20.264
-7.5	5.67	-7.5	-2.626	-7.5	-25.666	-7.5	-0.492	-7.5	-23.333	-7.5	-8.458	-7.5	-9.903	-7.5	0.218	-7.5	-3.325	-7.5	-2.42	-7.5	-3.64	-7.5	-2.879	-7.5	-7.554	-7.5	-4.397	-7.5	-3.619	-7.5	-18.943
-7.25	6.709	-7.25	-1.451	-7.25	-23.041	-7.25	0.517	-7.25	-21.431	-7.25	-6.927	-7.25	-8.354	-7.25	1.182	-7.25	-2.151	-7.25	-1.191	-7.25	-2.396	-7.25	-1.616	-7.25	-6.3	-7.25	-3.191	-7.25	-2.362	-7.25	-17.322
-7	7.901	-7	0.255	-7	-20.147	-7	2.123	-7	-19.062	-7	-4.895	-7	-6.387	-7	2.706	-7	-0.447	-7	0.593	-7	-0.615	-7	0.205	-7	-4.768	-7	-1.822	-7	-0.499	-7	-15.232
-6.75	8.834	-6.75	1.629	-6.75	-17.562	-6.75	3.395	-6.75	-16.997	-6.75	-3.237	-6.75	-4.736	-6.75	3.838	-6.75	0.905	-6.75	2	-6.75	0.834	-6.75	1.681	-6.75	-3.477	-6.75	-0.645	-6.75	0.941	-6.75	-13.44
-6.5	8.868	-6.5	1.557	-6.5	-15.822	-6.5	3.134	-6.5	-16.136	-6.5	-2.994	-6.5	-4.368	-6.5	3.564	-6.5	0.801	-6.5	1.933	-6.5	0.828	-6.5	1.654	-6.5	-3.225	-6.5	-0.309	-6.5	0.8	-6.5	-12.839
-6.25	8.865	-6.25	1.522	-6.25	-14.22	-6.25	2.939	-6.25	-15.265	-6.25	-2.723	-6.25	-3.988	-6.25	3.341	-6.25	0.748	-6.25	1.904	-6.25	0.857	-6.25	1.661	-6.25	-2.934	-6.25	0.014	-6.25	0.769	-6.25	-12.212
-6	8.852	-6	1.543	-6	-12.708	-6	2.824	-6	-14.369	-6	-2.408	-6	-3.578	-6	3.181	-6	0.759	-6	1.928	-6	0.936	-6	1.717	-6	-2.596	-6	0.349	-6	0.788	-6	-11.539
-5.75	8.689	-5.75	1.469	-5.75	-11.424	-5.75	2.615	-5.75	-13.6	-5.75	-2.205	-5.75	-3.284	-5.75	2.952	-5.75	0.688	-5.75	1.851	-5.75	0.916	-5.75	1.669	-5.75	-2.364	-5.75	0.544	-5.75	0.71	-5.75	-10.979
-5.5	8.477	-5.5	1.399	-5.5	-10.258	-5.5	2.421	-5.5	-12.857	-5.5	-2.014	-5.5	-3.009	-5.5	2.779	-5.5	0.623	-5.5	1.78	-5.5	0.895	-5.5	1.618	-5.5	-2.144	-5.5	0.701	-5.5	0.643	-5.5	-10.433
-5.25	8.256	-5.25	1.362	-5.25	-9.16	-5.25	2.269	-5.25	-12.101	-5.25	-1.802	-5.25	-2.72	-5.25	2.63	-5.25	0.599	-5.25	1.737	-5.25	0.904	-5.25	1.595	-5.25	-1.902	-5.25	0.861	-5.25	0.617	-5.25	-9.861
-5	8.012	-5	1.341	-5	-8.134	-5	2.142	-5	-11.352	-5	-1.588	-5	-2.436	-5	2.499	-5	0.597	-5	1.706	-5	0.925	-5	1.582	-5	-1.661	-5	1.004	-5	0.611	-5	-9.285
-4.75	7.735	-4.75	1.317	-4.75	-7.184	-4.75	2.019	-4.75	-10.628	-4.75	-1.389	-4.75	-2.211	-4.75	2.376	-4.75	0.593	-4.75	1.67	-4.75	0.942	-4.75	1.563	-4.75	-1.435	-4.75	1.118	-4.75	0.609	-4.75	-8.722
-4.5	7.451	-4.5	1.311	-4.5	-6.299	-4.5	1.92	-4.5	-9.904	-4.5	-1.185	-4.5	-1.963	-4.5	2.272	-4.5	0.605	-4.5	1.647	-4.5	0.97	-4.5	1.557	-4.5	-1.208	-4.5	1.224	-4.5	0.628	-4.5	-8.152
-4.25	7.167	-4.25	1.326	-4.25	-5.46	-4.25	1.85	-4.25	-9.169	-4.25	-0.968	-4.25	-1.702	-4.25	2.188	-4.25	0.642	-4.25	1.645	-4.25	1.019	-4.25	1.569	-4.25	-0.971	-4.25	1.333	-4.25	0.674	-4.25	-7.565
-4	6.863	-4	1.341	-4	-4.689	-4	1.787	-4	-8.453	-4	-0.762	-4	-1.451	-4	2.112	-4	0.675	-4	1.641	-4	1.065	-4	1.579	-4	-0.749	-4	1.407	-4	0.723	-4	-6.988
-3.75	6.567	-3.75	1.374	-3.75	-3.949	-3.75	1.752	-3.75	-7.725	-3.75	-0.543	-3.75	-1.189	-3.75	2.056	-3.75	0.732	-3.75	1.657	-3.75	1.13	-3.75	1.606	-3.75	-0.516	-3.75	1.492	-3.75	0.749	-3.75	-6.392
-3.5	6.198	-3.5	1.345	-3.5	-3.336	-3.5	1.656	-3.5	-7.078	-3.5	-0.397	-3.5	-0.996	-3.5	1.949	-3.5	0.73	-3.5	1.607	-3.5	1.129	-3.5	1.569	-3.5	-0.357	-3.5	1.499	-3.5	0.731	-3.5	-5.871
-3.25	5.78	-3.25	1.276	-3.25	-2.819	-3.25	1.521	-3.25	-6.488	-3.25	-0.301	-3.25	-0.855	-3.25	1.818	-3.25	0.69	-3.25	1.513	-3.25	1.085	-3.25	1.487	-3.25	-0.251	-3.25	1.452	-3.25	0.676	-3.25	-5.398
-3	5.367	-3	1.214	-3	-2.341	-3	1.399	-3	-5.9	-3	-0.205	-3	-0.713	-3	1.696	-3	0.66	-3	1.427	-3	1.047	-3	1.412	-3	-0.145	-3	1.404	-3	0.635	-3	-4.922
-2.75	4.946	-2.75	1.147	-2.75	-1.909	-2.75	1.274	-2.75	-5.328	-2.75	-0.122	-2.75	-0.585	-2.75	1.574	-2.75	0.625	-2.75	1.334	-2.75	1.002	-2.75	1.331	-2.75	-0.054	-2.75	1.342	-2.75	0.639	-2.75	-4.456
-2.5	4.512	-2.5	1.07	-2.5	-1.539	-2.5	1.142	-2.5	-4.78	-2.5	-0.058	-2.5	-0.474	-2.5	1.446	-2.5	0.583	-2.5	1.227	-2.5	0.945	-2.5	1.237	-2.5	-0.002	-2.5	1.263	-2.5	0.61	-2.5	-4.007
-2.25	4.091	-2.25	1.005	-2.25	-1.193	-2.25	1.028	-2.25	-4.225	-2.25	0.014	-2.25	-0.359	-2.25	1.331	-2.25	0.554	-2.25	1.133	-2.25	0.899	-2.25	1.157	-2.25	0.064	-2.25	1.19	-2.25	0.593	-2.25	-3.548
-2	3.587	-2	0.857	-2	-0.975	-2	0.829	-2	-3.768	-2	-0.006	-2	-0.333	-2	1.148	-2	0.445	-2	0.953	-2	0.768	-2	0.991	-2	0.039	-2	1.038	-2	0.486	-2	-3.181
-1.75	3.092	-1.75	0.715	-1.75	-0.783	-1.75	0.657	-1.75	-3.313	-1.75	-0.028	-1.75	-0.31	-1.75	0.971	-1.75	0.344	-1.75	0.818	-1.75	0.641	-1.75	0.83	-1.75	0.016	-1.75	0.883	-1.75	0.385	-1.75	-2.812
-1.5	2.615	-1.5	0.589	-1.5	-0.607	-1.5	0.509	-1.5	-2.85	-1.5	-0.039	-1.5	-0.278	-1.5	0.81	-1.5	0.257	-1.5	0.681	-1.5	0.528	-1.5	0.686	-1.5	0.002	-1.5	0.736	-1.5	0.303	-1.5	-2.431
-1.25	2.14	-1.25	0.46	-1.25	-0.464	-1.25	0.362	-1.25	-2.398	-1.25	-0.059	-1.25	-0.254	-1.25	0.647	-1.25	0.17	-1.25	0.535	-1.25	0.412	-1.25	0.537	-1.25	-0.018	-1.25	0.585	-1.25	0.217	-1.25	-2.056
-1	1.673	-1	0.335	-1	-0.345	-1	0.223	-1	-1.95	-1	-0.081	-1	-0.232	-1	0.489	-1	0.088	-1	0.392	-1	0.298	-1	0.393	-1	-0.04	-1	0.433	-1	0.135	-1	-1.682
-0.75	1.22	-0.75	0.219	-0.75	-0.243	-0.75	0.135	-0.75	-1.5	-0.75	-0.099	-0.75	-0.206	-0.75	0.34	-0.75	0.014	-0.75	0.265	-0.75	0.192	-0.75	0.258	-0.75	-0.056	-0.75	0.288	-0.75	0.065	-0.75	-1.302
-0.5	0.777	-0.5	0.107	-0.5	-0.164	-0.5	0.039	-0.5	-1.054	-0.5	-0.118	-0.5	-0.182	-0.5	0.196	-0.5	-0.055	-0.5	0.142	-0.5	0.089	-0.5	0.126	-0.5	-0.073	-0.5	0.145	-0.5	-0.003	-0.5	-0.924
-0.25	0.338	-0.25	-0.006	-0.25	-0.109	-0.25	-0.06	-0.25	-0.617	-0.25	-0.142	-0.25	-0.163	-0.25	0.051	-0.25	-0.124	-0.25	0.015	-0.25	-0.017	-0.25	-0.006	-0.25	-0.094	-0.25	-0.001	-0.25	-0.071	-0.25	-0.551
0	0	0	0	0	0	0	0	0	0	0	0	0	0	0	0	0	0	0	0	0	0	0	0	0	0	0	0	0	0	0	0
