Dvina 		Ganges-Brahmaputra		MacKenzie		Mekong		Mississippi		Niger		Nile		Parana		Waipaoa		Yellow
   -26.000    60.318		   -26.000  -106.909		   -26.000   -63.951		   -26.000  -107.780		   -26.000   -96.762		   -26.000  -117.412		   -26.000  -114.905		   -26.000  -106.409		   -26.000  -122.199		   -26.000  -107.507
   -25.000    39.170		   -25.000  -101.153		   -25.000   -61.563		   -25.000  -101.498		   -25.000   -97.565		   -25.000  -112.838		   -25.000  -112.341		   -25.000   -99.319		   -25.000  -116.399		   -25.000  -101.727
   -24.000     6.104		   -24.000   -95.838		   -24.000   -60.460		   -24.000   -95.894		   -24.000   -97.001		   -24.000  -108.119		   -24.000  -108.793		   -24.000   -93.303		   -24.000  -110.872		   -24.000   -96.476
   -23.000   -15.471		   -23.000   -92.476		   -23.000   -60.454		   -23.000   -92.613		   -23.000   -97.355		   -23.000  -105.267		   -23.000  -106.087		   -23.000   -89.910		   -23.000  -107.561		   -23.000   -93.097
   -22.000   -25.541		   -22.000   -89.470		   -22.000   -61.617		   -22.000   -89.724		   -22.000   -97.144		   -22.000  -102.610		   -22.000  -103.308		   -22.000   -86.928		   -22.000  -104.427		   -22.000   -90.104
   -21.000   -21.093		   -21.000   -87.747		   -21.000   -60.745		   -21.000   -88.048		   -21.000   -97.061		   -21.000  -101.096		   -21.000  -101.795		   -21.000   -85.212		   -21.000  -102.666		   -21.000   -88.289
   -20.000    -6.098		   -20.000   -85.964		   -20.000   -59.696		   -20.000   -86.271		   -20.000   -96.238		   -20.000   -99.443		   -20.000  -100.267		   -20.000   -83.368		   -20.000  -100.735		   -20.000   -86.462
   -19.000     7.670		   -19.000   -84.231		   -19.000   -58.602		   -19.000   -84.540		   -19.000   -95.307		   -19.000   -97.729		   -19.000   -98.611		   -19.000   -81.616		   -19.000   -98.811		   -19.000   -84.716
   -18.000    20.976		   -18.000   -81.911		   -18.000   -56.940		   -18.000   -82.188		   -18.000   -93.978		   -18.000   -95.386		   -18.000   -96.451		   -18.000   -79.447		   -18.000   -96.185		   -18.000   -82.396
   -17.000    22.816		   -17.000   -79.333		   -17.000   -57.452		   -17.000   -79.498		   -17.000   -91.924		   -17.000   -92.637		   -17.000   -94.268		   -17.000   -76.844		   -17.000   -93.233		   -17.000   -79.803
   -16.500    23.608		   -16.500   -77.619		   -16.500   -58.189		   -16.500   -77.782		   -16.500   -90.683		   -16.500   -90.817		   -16.500   -92.430		   -16.500   -75.497		   -16.500   -91.212		   -16.500   -78.167
   -16.000    19.565		   -16.000   -75.753		   -16.000   -58.720		   -16.000   -75.893		   -16.000   -89.182		   -16.000   -88.810		   -16.000   -90.470		   -16.000   -73.895		   -16.000   -88.995		   -16.000   -76.370
   -15.500    18.173		   -15.500   -71.626		   -15.500   -62.978		   -15.500   -71.841		   -15.500   -87.573		   -15.500   -84.775		   -15.500   -86.498		   -15.500   -69.433		   -15.500   -84.403		   -15.500   -72.321
   -15.000    12.623		   -15.000   -68.862		   -15.000   -64.683		   -15.000   -68.977		   -15.000   -84.880		   -15.000   -81.779		   -15.000   -83.921		   -15.000   -66.324		   -15.000   -81.206		   -15.000   -69.586
   -14.750    11.087		   -14.750   -66.981		   -14.750   -66.993		   -14.750   -67.136		   -14.750   -83.702		   -14.750   -79.873		   -14.750   -82.023		   -14.750   -64.355		   -14.750   -79.121		   -14.750   -67.727
   -14.500     9.696		   -14.500   -65.170		   -14.500   -69.559		   -14.500   -65.366		   -14.500   -82.509		   -14.500   -78.019		   -14.500   -80.165		   -14.500   -62.470		   -14.500   -77.105		   -14.500   -65.929
   -14.250    10.349		   -14.250   -54.190		   -14.250   -78.295		   -14.250   -54.415		   -14.250   -77.759		   -14.250   -67.454		   -14.250   -70.116		   -14.250   -50.621		   -14.250   -65.138		   -14.250   -55.069
   -14.000    10.923		   -14.000   -43.391		   -14.000   -86.489		   -14.000   -43.633		   -14.000   -72.568		   -14.000   -56.918		   -14.000   -60.000		   -14.000   -39.270		   -14.000   -53.323		   -14.000   -44.354
   -13.750     9.182		   -13.750   -40.557		   -13.750   -89.765		   -13.750   -40.890		   -13.750   -70.400		   -13.750   -53.865		   -13.750   -56.818		   -13.750   -36.485		   -13.750   -50.134		   -13.750   -41.493
   -13.500     7.515		   -13.500   -37.781		   -13.500   -92.738		   -13.500   -38.189		   -13.500   -68.190		   -13.500   -50.860		   -13.500   -53.681		   -13.500   -33.745		   -13.500   -46.981		   -13.500   -38.693
   -13.250     4.633		   -13.250   -36.174		   -13.250   -93.495		   -13.250   -36.612		   -13.250   -66.167		   -13.250   -48.918		   -13.250   -51.705		   -13.250   -32.231		   -13.250   -45.076		   -13.250   -37.035
   -13.000     1.758		   -13.000   -34.638		   -13.000   -93.869		   -13.000   -35.101		   -13.000   -64.177		   -13.000   -47.057		   -13.000   -49.799		   -13.000   -30.775		   -13.000   -43.240		   -13.000   -35.455
   -12.750     0.278		   -12.750   -32.084		   -12.750   -94.953		   -12.750   -32.605		   -12.750   -61.966		   -12.750   -44.297		   -12.750   -46.922		   -12.750   -28.228		   -12.750   -40.353		   -12.750   -32.876
   -12.500    -1.108		   -12.500   -29.667		   -12.500   -95.448		   -12.500   -30.229		   -12.500   -59.747		   -12.500   -41.656		   -12.500   -44.179		   -12.500   -25.824		   -12.500   -37.604		   -12.500   -30.440
   -12.250    -3.250		   -12.250   -28.154		   -12.250   -94.796		   -12.250   -28.732		   -12.250   -57.580		   -12.250   -39.825		   -12.250   -42.287		   -12.250   -24.386		   -12.250   -35.779		   -12.250   -28.905
   -12.000    -5.424		   -12.000   -26.643		   -12.000   -93.885		   -12.000   -27.204		   -12.000   -55.393		   -12.000   -37.979		   -12.000   -40.388		   -12.000   -22.921		   -12.000   -33.929		   -12.000   -27.360
   -11.750    -6.322		   -11.750   -24.485		   -11.750   -92.669		   -11.750   -25.085		   -11.750   -53.327		   -11.750   -35.626		   -11.750   -37.924		   -11.750   -20.776		   -11.750   -31.530		   -11.750   -25.165
   -11.500    -7.067		   -11.500   -22.359		   -11.500   -91.108		   -11.500   -22.982		   -11.500   -51.249		   -11.500   -33.291		   -11.500   -35.482		   -11.500   -18.663		   -11.500   -29.153		   -11.500   -23.000
   -11.250    -6.771		   -11.250   -18.214		   -11.250   -86.958		   -11.250   -18.689		   -11.250   -46.686		   -11.250   -28.815		   -11.250   -31.156		   -11.250   -14.751		   -11.250   -24.754		   -11.250   -18.827
   -11.000    -6.184		   -11.000   -14.007		   -11.000   -82.594		   -11.000   -14.332		   -11.000   -42.075		   -11.000   -24.262		   -11.000   -26.740		   -11.000   -10.755		   -11.000   -20.270		   -11.000   -14.575
   -10.750    -6.665		   -10.750   -12.079		   -10.750   -80.101		   -10.750   -12.379		   -10.750   -39.735		   -10.750   -22.020		   -10.750   -24.454		   -10.750    -8.851		   -10.750   -18.026		   -10.750   -12.614
   -10.500    -6.931		   -10.500   -10.287		   -10.500   -77.527		   -10.500   -10.588		   -10.500   -37.524		   -10.500   -19.925		   -10.500   -22.279		   -10.500    -7.095		   -10.500   -15.928		   -10.500   -10.814
   -10.250    -7.474		   -10.250    -8.462		   -10.250   -74.761		   -10.250    -8.721		   -10.250   -35.229		   -10.250   -17.794		   -10.250   -20.132		   -10.250    -5.282		   -10.250   -13.791		   -10.250    -8.935
   -10.000    -7.823		   -10.000    -6.719		   -10.000   -71.873		   -10.000    -6.937		   -10.000   -32.982		   -10.000   -15.743		   -10.000   -18.064		   -10.000    -3.569		   -10.000   -11.736		   -10.000    -7.138
    -9.750    -7.524		    -9.750    -5.010		    -9.750   -68.868		    -9.750    -5.196		    -9.750   -30.743		    -9.750   -13.738		    -9.750   -15.985		    -9.750    -1.897		    -9.750    -9.740		    -9.750    -5.392
    -9.500    -7.090		    -9.500    -3.357		    -9.500   -65.927		    -9.500    -3.514		    -9.500   -28.540		    -9.500   -11.781		    -9.500   -13.947		    -9.500    -0.315		    -9.500    -7.783		    -9.500    -3.687
    -9.250    -6.732		    -9.250    -2.495		    -9.250   -62.744		    -9.250    -2.633		    -9.250   -26.660		    -9.250   -10.561		    -9.250   -12.591		    -9.250     0.413		    -9.250    -6.664		    -9.250    -2.787
    -9.000    -6.145		    -9.000    -1.445		    -9.000   -59.655		    -9.000    -1.571		    -9.000   -24.823		    -9.000    -9.198		    -9.000   -11.091		    -9.000     1.361		    -9.000    -5.361		    -9.000    -1.695
    -8.750    -5.420		    -8.750    -0.219		    -8.750   -56.463		    -8.750    -0.360		    -8.750   -22.913		    -8.750    -7.683		    -8.750    -9.470		    -8.750     2.514		    -8.750    -3.890		    -8.750    -0.410
    -8.500    -4.658		    -8.500     0.953		    -8.500   -53.352		    -8.500     0.848		    -8.500   -21.046		    -8.500    -6.221		    -8.500    -7.915		    -8.500     3.591		    -8.500    -2.482		    -8.500     0.796
    -8.250    -3.979		    -8.250     1.905		    -8.250   -49.984		    -8.250     1.851		    -8.250   -19.158		    -8.250    -4.952		    -8.250    -6.571		    -8.250     4.416		    -8.250    -1.338		    -8.250     1.803
    -8.000    -3.312		    -8.000     2.797		    -8.000   -46.777		    -8.000     2.805		    -8.000   -17.366		    -8.000    -3.750		    -8.000    -5.300		    -8.000     5.217		    -8.000    -0.255		    -8.000     2.756
    -7.500    -1.663		    -7.500     4.233		    -7.500   -40.393		    -7.500     4.371		    -7.500   -14.130		    -7.500    -1.689		    -7.500    -2.993		    -7.500     6.367		    -7.500     1.547		    -7.500     4.316
    -7.000    -0.773		    -7.000     4.636		    -7.000   -34.691		    -7.000     4.881		    -7.000   -11.510		    -7.000    -0.599		    -7.000    -1.705		    -7.000     6.473		    -7.000     2.361		    -7.000     4.773
    -6.500    -0.196		    -6.500     4.478		    -6.500   -29.634		    -6.500     4.803		    -6.500    -9.347		    -6.500    -0.072		    -6.500    -0.954		    -6.500     5.997		    -6.500     2.613		    -6.500     4.622
    -6.000     0.035		    -6.000     4.082		    -6.000   -25.472		    -6.000     4.443		    -6.000    -7.822		    -6.000     0.117		    -6.000    -0.573		    -6.000     5.412		    -6.000     2.592		    -6.000     4.227
    -5.500     0.082		    -5.500     3.464		    -5.500   -21.768		    -5.500     3.814		    -5.500    -6.571		    -5.500     0.031		    -5.500    -0.480		    -5.500     4.552		    -5.500     2.276		    -5.500     3.562
    -5.000     0.155		    -5.000     2.961		    -5.000   -18.446		    -5.000     3.305		    -5.000    -5.457		    -5.000     0.005		    -5.000    -0.365		    -5.000     3.851		    -5.000     2.024		    -5.000     3.027
    -4.500     0.189		    -4.500     2.514		    -4.500   -15.516		    -4.500     2.843		    -4.500    -4.491		    -4.500    -0.015		    -4.500    -0.277		    -4.500     3.244		    -4.500     1.786		    -4.500     2.545
    -4.250     0.229		    -4.250     2.333		    -4.250   -14.113		    -4.250     2.653		    -4.250    -4.023		    -4.250     0.004		    -4.250    -0.213		    -4.250     3.002		    -4.250     1.696		    -4.250     2.349
    -4.000     0.268		    -4.000     2.167		    -4.000   -12.786		    -4.000     2.478		    -4.000    -3.584		    -4.000     0.029		    -4.000    -0.151		    -4.000     2.767		    -4.000     1.605		    -4.000     2.171
    -3.750     0.242		    -3.750     1.974		    -3.750   -11.604		    -3.750     2.268		    -3.750    -3.228		    -3.750     0.013		    -3.750    -0.137		    -3.750     2.522		    -3.750     1.483		    -3.750     1.968
    -3.500     0.220		    -3.500     1.792		    -3.500   -10.486		    -3.500     2.068		    -3.500    -2.894		    -3.500     0.002		    -3.500    -0.122		    -3.500     2.289		    -3.500     1.366		    -3.500     1.776
    -3.250     0.205		    -3.250     1.630		    -3.250    -9.416		    -3.250     1.887		    -3.250    -2.568		    -3.250     0.004		    -3.250    -0.100		    -3.250     2.078		    -3.250     1.260		    -3.250     1.604
    -3.000     0.181		    -3.000     1.465		    -3.000    -8.420		    -3.000     1.701		    -3.000    -2.277		    -3.000    -0.004		    -3.000    -0.088		    -3.000     1.868		    -3.000     1.145		    -3.000     1.431
    -2.750     0.169		    -2.750     1.338		    -2.750    -7.471		    -2.750     1.553		    -2.750    -1.986		    -2.750     0.018		    -2.750    -0.055		    -2.750     1.701		    -2.750     1.063		    -2.750     1.298
    -2.500     0.156		    -2.500     1.217		    -2.500    -6.575		    -2.500     1.410		    -2.500    -1.716		    -2.500     0.038		    -2.500    -0.024		    -2.500     1.543		    -2.500     0.981		    -2.500     1.173
    -2.250     0.123		    -2.250     1.051		    -2.250    -5.749		    -2.250     1.219		    -2.250    -1.491		    -2.250     0.016		    -2.250    -0.032		    -2.250     1.335		    -2.250     0.856		    -2.250     0.999
    -2.000     0.091		    -2.000     0.896		    -2.000    -4.970		    -2.000     1.038		    -2.000    -1.279		    -2.000    -0.001		    -2.000    -0.038		    -2.000     1.137		    -2.000     0.736		    -2.000     0.857
    -1.750     0.080		    -1.750     0.768		    -1.750    -4.210		    -1.750     0.893		    -1.750    -1.076		    -1.750    -0.002		    -1.750    -0.029		    -1.750     0.972		    -1.750     0.637		    -1.750     0.730
    -1.500     0.062		    -1.500     0.639		    -1.500    -3.500		    -1.500     0.741		    -1.500    -0.894		    -1.500    -0.009		    -1.500    -0.028		    -1.500     0.809		    -1.500     0.533		    -1.500     0.604
    -1.250     0.049		    -1.250     0.520		    -1.250    -2.828		    -1.250     0.598		    -1.250    -0.719		    -1.250    -0.010		    -1.250    -0.023		    -1.250     0.658		    -1.250     0.435		    -1.250     0.488
    -1.000     0.033		    -1.000     0.404		    -1.000    -2.197		    -1.000     0.460		    -1.000    -0.559		    -1.000    -0.012		    -1.000    -0.022		    -1.000     0.511		    -1.000     0.336		    -1.000     0.375
    -0.750     0.026		    -0.750     0.299		    -0.750    -1.593		    -0.750     0.333		    -0.750    -0.401		    -0.750    -0.007		    -0.750    -0.012		    -0.750     0.377		    -0.750     0.251		    -0.750     0.280
    -0.500     0.016		    -0.500     0.194		    -0.500    -1.030		    -0.500     0.226		    -0.500    -0.259		    -0.500    -0.006		    -0.500    -0.009		    -0.500     0.244		    -0.500     0.163		    -0.500     0.181
    -0.250     0.007		    -0.250     0.095		    -0.250    -0.501		    -0.250     0.111		    -0.250    -0.126		    -0.250    -0.004		    -0.250    -0.005		    -0.250     0.119		    -0.250     0.079		    -0.250     0.088
     0.000     0.000		     0.000     0.000		     0.000     0.000		     0.000     0.000		     0.000     0.000		     0.000     0.000		     0.000     0.000		     0.000     0.000		     0.000     0.000		     0.000     0.000
